Date     hour   Dir10min		Speed10min		Dir1hr      Speed1hr
20180913 01     80       7.1     80       7.2
20180913 02     80       7.1     80       6.7
20180913 03     80       7.1     80       7.5
20180913 04     80       7.7     80       7.1
20180913 05     80       6.3     80       7.0
20180913 06     80       5.4     80       5.9
20180913 07     70       6.0     80       5.1
20180913 08     80       5.8     80       5.3
20180913 09     80       6.3     80       6.2
20180913 10     90       2.9     80       5.0
20180913 11     80       6.1     80       4.8
20180913 12     80       7.4     80       6.4
20180913 13     80       6.6     80       6.6
20180913 14     80       6.9     80       7.0
20180913 15     80       6.5     80       7.0
20180913 16     90       5.7     80       6.7
20180913 17     90       5.9     90       6.2
20180913 18     90       5.7     90       5.7
20180913 19     90       5.5     90       5.4
20180913 20     90       4.2     90       4.6
20180913 21     90       4.9     90       4.8
20180913 22     90       4.4     90       4.4
20180913 23     90       3.9     90       4.1
20180913 24     90       4.8     90       4.1
20180914 01     90       3.7     90       3.8
20180914 02     80       3.0     80       3.2
20180914 03     80       3.8     80       3.9
20180914 04     80       2.7     70       3.2
20180914 05     90       2.3     80       2.2
20180914 06     90       2.4     90       2.3
20180914 07     90       2.3     90       2.1
20180914 08     80       2.3     80       2.6
20180914 09     90       3.4     80       2.8
20180914 10     80       3.6     80       3.0
20180914 11     90       1.7     90       2.9
20180914 12     var      0.6     80       0.5
20180914 13      0       0.0      0       0.0
20180914 14     90       1.4     90       0.3
20180914 15    280       2.0     80       2.2
20180914 16     var      0.5    210       1.5
20180914 17     var      0.5     80       1.6
20180914 18      0       0.0    230       0.7
20180914 19     80       2.4     80       1.0
20180914 20     80       2.9     90       1.9
20180914 21     90       3.3     90       2.8
20180914 22     80       3.6     80       3.3
20180914 23     70       2.6     80       3.2
20180914 24      0       0.0     80       1.1
20180915 01      0       0.0      0       0.0
20180915 02      0       0.0      0       0.0
20180915 03      0       0.0      0       0.0
20180915 04    250       3.3    250       2.4
20180915 05    250       3.9    250       3.6
20180915 06    250       4.5    250       4.1
20180915 07    240       2.5    250       3.7
20180915 08    280       1.6    250       2.3
20180915 09    360       3.8    360       3.8
20180915 10    360       4.2    360       4.5
20180915 11     20       4.6     20       4.8
20180915 12     10       3.8     10       4.8
20180915 13     40       4.3     40       4.1
20180915 14    360       3.2    350       3.0
20180915 15     10       4.0     30       4.1
20180915 16    360       3.9     10       4.0
20180915 17     40       4.0     30       3.5
20180915 18     60       3.4     40       4.5
20180915 19     60       5.3     60       3.8
20180915 20     50       5.1     50       4.2
20180915 21     20       6.8     30       5.2
20180915 22     30       8.2     30       7.5
20180915 23     30       8.0     30       7.5
20180915 24     30       6.7     30       6.7
20180916 01     30       7.4     30       8.2
20180916 02     20       8.8     20       8.3
20180916 03     20       9.5     20      10.0
20180916 04     20      10.1     20       9.8
20180916 05     20       9.9     30       9.9
20180916 06     10      10.4     20       9.1
20180916 07     10      12.1     10      11.4
20180916 08     50      12.0     20      12.1
20180916 09     60      17.8     50      15.5
20180916 10     60      20.5     60      19.7
20180916 11     70      25.2     60      25.8
20180916 12     80      30.1     70      27.9
20180916 13     80      31.8     80      30.3
20180916 14     80      26.2     80      27.1
20180916 15     90      12.9     90      18.8
20180916 16     60       5.8     90       8.2
20180916 17     var      3.7     90       6.3
20180916 18     70       7.6     80       5.2
20180916 19     90       5.5     80       6.1
20180916 20     80       5.7     90       5.3
20180916 21     var      5.8     70       4.7
20180916 22     70       5.2     80       4.9
20180916 23     70       4.2     80       5.3
20180916 24     90       6.3     80       4.6
20180917 01     90       3.8     80       5.1
20180917 02     90       2.2     90       3.8
20180917 03     80       3.4     80       3.4
20180917 04     var      2.2     90       2.8
20180917 05     var      2.1     80       3.0
20180917 06     var      1.7     80       2.4
20180917 07     var      2.3    330       1.6
20180917 08    100       4.7     90       4.1
20180917 09     90       6.8     90       5.7
20180917 10     90       2.4     80       3.2
20180917 11     90       5.3     90       4.0
20180917 12     90       6.1     90       5.9
20180917 13     80       3.6     90       3.4
20180917 14     80       3.0     90       3.5
20180917 15     80       3.6     80       3.4
20180917 16     80       5.4     80       5.0
20180917 17     80       1.4     90       3.0
20180917 18    100       2.9     90       2.1
20180917 19     20       2.4     90       3.4
20180917 20     80       3.8     90       4.6
20180917 21     90       4.3     90       4.5
20180917 22     80       4.8     90       5.2
20180917 23     90       3.9     90       4.5
20180917 24     90       5.3     90       5.5
20180918 01     90       5.5     90       5.7
20180918 02     90       4.8     90       5.3
20180918 03     90       4.8     90       4.9
20180918 04     90       4.4     90       4.0
20180918 05     90       3.7     90       4.3
20180918 06     90       5.6     90       5.1
20180918 07     90       5.8     90       5.2
20180918 08     90       5.8     90       5.5
20180918 09     90       6.0     90       5.9
20180918 10     80       5.9     90       6.1
20180918 11     90       7.0     90       6.7
20180918 12     90       6.8     90       6.5
20180918 13     90       7.9     90       6.8
20180918 14     90       5.7     90       7.1
20180918 15     90       5.2     90       5.8
20180918 16     80       4.8     80       4.8
20180918 17     90       5.3     90       5.3
20180918 18     90       5.4     90       5.4
20180918 19     90       4.5     90       5.0
20180918 20     80       4.3     90       4.8
20180918 21     90       3.5     90       3.6
20180918 22     90       3.8     90       4.2
20180918 23     90       3.1     90       3.8
20180918 24     80       2.2     90       2.3
